None_24h_1	None_24h_2	None_48h_1	None_48h_2	None_48h_3	Water_24h_1	Water_24h_2	Water_24h_3	Water_48h_1	Water_48h_2	Water_48h_3
None_24h_1	1	0.978718345504257	0.971833630756989	0.974668657905108	0.971258850112272	0.977114335170253	0.972443771225713	0.977120239444872	0.960626544419338	0.967039894908185	0.956856794548113
None_24h_2	0.978718345504257	1	0.979095854958388	0.978461220509367	0.975531855115044	0.982154308738935	0.965544203091209	0.975624703612198	0.970285605564542	0.972638253490604	0.972199105190167
None_48h_1	0.971833630756989	0.979095854958388	1	0.983529160008888	0.976811207074572	0.981050928930661	0.961843968632164	0.971978937206505	0.973612662392095	0.97668936633989	0.975541991733546
None_48h_2	0.974668657905108	0.978461220509367	0.983529160008888	1	0.97856422859844	0.980342385767345	0.962221433042772	0.974371715625207	0.975985430813416	0.979098889301395	0.976579975460622
None_48h_3	0.971258850112272	0.975531855115044	0.976811207074572	0.97856422859844	1	0.97682127294201	0.966571728786548	0.967370862529691	0.970615778733378	0.973880922224833	0.972384348015683
Water_24h_1	0.977114335170253	0.982154308738935	0.981050928930661	0.980342385767345	0.97682127294201	1	0.970758146514019	0.973709807326144	0.965628371785659	0.969957385134939	0.968707682509945
Water_24h_2	0.972443771225713	0.965544203091209	0.961843968632164	0.962221433042772	0.966571728786548	0.970758146514019	1	0.964862259583479	0.94540030210773	0.948965445370158	0.944579648227768
Water_24h_3	0.977120239444872	0.975624703612198	0.971978937206505	0.974371715625207	0.967370862529691	0.973709807326144	0.964862259583479	1	0.966118835323679	0.968754551659412	0.9601149247651
Water_48h_1	0.960626544419338	0.970285605564542	0.973612662392095	0.975985430813416	0.970615778733378	0.965628371785659	0.94540030210773	0.966118835323679	1	0.98082063985418	0.97743510445671
Water_48h_2	0.967039894908185	0.972638253490604	0.97668936633989	0.979098889301395	0.973880922224833	0.969957385134939	0.948965445370158	0.968754551659412	0.98082063985418	1	0.977931852533686
Water_48h_3	0.956856794548113	0.972199105190167	0.975541991733546	0.976579975460622	0.972384348015683	0.968707682509945	0.944579648227768	0.9601149247651	0.97743510445671	0.977931852533686	1
