III_24h_1	III_24h_2	III_24h_3	III_48h_1	III_48h_2	III_48h_3	II_24h_1	II_24h_2	II_24h_3	II_48h_1	II_48h_2	II_48h_3	IV_24h_1	IV_24h_2	IV_24h_3	IV_48h_1	IV_48h_2	IV_48h_3	I_24h_1	I_24h_2	I_24h_3	I_48h_1	I_48h_2	I_48h_3	V_24h_1	V_24h_2	V_24h_3	V_48h_1	V_48h_2	V_48h_3	Water_24h_1	Water_24h_2	Water_24h_3	Water_48h_1	Water_48h_2	Water_48h_3
III_24h_1	1	0.966098478279913	0.965674197510541	0.943036251434604	0.833737730864523	0.963471139555231	0.909485362713927	0.92018300791466	0.909768995565557	0.949198168927978	0.948239835125449	0.940832199922132	0.948290631824313	0.936840023602144	0.943455864695062	0.958193666548906	0.953928729445419	0.953095346679091	0.952285686982155	0.967308091659303	0.970611667572522	0.95767036195442	0.953426032615873	0.941831066963553	0.938930942536497	0.915911404419952	0.923398956352118	0.944055897992681	0.95862301902741	0.940980889228451	0.947324818468551	0.966280216548825	0.957215155814184	0.931210786182598	0.934550800791241	0.921710523698618
III_24h_2	0.966098478279913	1	0.975954489249316	0.952693330210655	0.84829038971363	0.979062509916719	0.947000588540826	0.950193334881978	0.943544187134125	0.971805164395667	0.96917797763997	0.968316302546915	0.974397522169643	0.953806320996459	0.96876225925072	0.971434651838893	0.975820975354655	0.969235886549239	0.967059221773283	0.976710017757375	0.959410123628665	0.968426301892457	0.975228819402719	0.902766876294147	0.953772746013253	0.9434184185206	0.942823106196358	0.967274083744668	0.978040443066309	0.96663895746985	0.975963644978913	0.973741639430503	0.97432323201763	0.956363326451087	0.962768483073741	0.953771407818332
III_24h_3	0.965674197510541	0.975954489249316	1	0.954026465877031	0.846651260185334	0.972934766422876	0.941753428425731	0.944203287412349	0.940200428310443	0.967644628757893	0.970528547352144	0.968428128631548	0.968613980114395	0.948171127327665	0.974162223939253	0.964566108623796	0.974540589851303	0.978208668543982	0.964977651313623	0.983627782574096	0.955506632596165	0.966699938337667	0.971316991960892	0.903860807676277	0.948107101157694	0.939844593487836	0.93117014136369	0.969013460351219	0.97273428423132	0.968269363528283	0.967036069285507	0.965371096627814	0.965035414595709	0.957379402019486	0.960475872362313	0.953579374983796
III_48h_1	0.943036251434604	0.952693330210655	0.954026465877031	1	0.847910320524901	0.949318722640248	0.939061785939347	0.943411759715785	0.934800094625504	0.950166204401064	0.950991617231113	0.946285789087185	0.953153188946855	0.956649211422273	0.949492096111296	0.941878173078287	0.950691846957089	0.951462003590844	0.928483412707472	0.950222353039988	0.945596200873159	0.967266659913045	0.948105883441153	0.884671622007237	0.93087707537904	0.940784879136338	0.909483385671879	0.948800274101876	0.95538067340779	0.951106005427815	0.956122070453917	0.962778594628921	0.939483144002101	0.933328083443305	0.939124000700015	0.942889119327883
III_48h_2	0.833737730864523	0.84829038971363	0.846651260185334	0.847910320524901	1	0.856460279748006	0.898016239258213	0.898273667190308	0.903853285988172	0.876455838332908	0.865002735627416	0.857649952765664	0.871085899403758	0.846828795358512	0.863075535165437	0.846267829369036	0.853706078964521	0.847718392516922	0.820908553118762	0.839046694111338	0.814170010363181	0.826667600865522	0.850017657659993	0.802205473760058	0.901051475963895	0.907082300782132	0.906268342241577	0.847537115513063	0.847684290064337	0.865923071192529	0.854732034307538	0.842944195185712	0.860146821250569	0.868894560791051	0.859715114569414	0.877766103713986
III_48h_3	0.963471139555231	0.979062509916719	0.972934766422876	0.949318722640248	0.856460279748006	1	0.944771948483596	0.95176301992596	0.943370116999045	0.966550935631828	0.965882739674684	0.962782569176407	0.9745544723411	0.955734557477529	0.967671343699529	0.967944641362336	0.973214137554865	0.967173259828032	0.969171624910609	0.974690164767626	0.956866210077283	0.963243273461004	0.968155017116191	0.911894800809718	0.961838613768171	0.944572533209897	0.946637950802175	0.961665488501389	0.975826826097527	0.963101837359385	0.968660462007633	0.967107073839709	0.971262395222045	0.949805551955657	0.955391550524602	0.949361727144412
II_24h_1	0.909485362713927	0.947000588540826	0.941753428425731	0.939061785939347	0.898016239258213	0.944771948483596	1	0.974552821731042	0.979139836521771	0.963247512667489	0.957476664334968	0.957683565699077	0.962287275786668	0.94007808004751	0.960123456522053	0.937430828632006	0.947312052989907	0.94455162064872	0.920270594527191	0.937425595958292	0.905741671854725	0.933137917813224	0.949409488410523	0.840497346296047	0.948998226895	0.973887262099046	0.952361697689367	0.950656526618947	0.949634310389295	0.959944178995414	0.963579078954157	0.942143979371634	0.948538337884168	0.956859606377032	0.957237770031671	0.969919806355269
II_24h_2	0.92018300791466	0.950193334881978	0.944203287412349	0.943411759715785	0.898273667190308	0.95176301992596	0.974552821731042	1	0.970698452168033	0.955215149466406	0.95016572399918	0.947359701732601	0.96634965316853	0.954332280296564	0.960056532319043	0.937984031635232	0.945947791769663	0.940056488010049	0.926588017575903	0.939765960717032	0.91758681566344	0.938972422568786	0.942436158329921	0.856822419379575	0.961109859178504	0.973807226042675	0.951600941881858	0.942279238020519	0.952837026345049	0.951350102778778	0.959539422973307	0.945214316788403	0.946991448207319	0.941333965824936	0.943444215476939	0.955928034866575
II_24h_3	0.909768995565557	0.943544187134125	0.940200428310443	0.934800094625504	0.903853285988172	0.943370116999045	0.979139836521771	0.970698452168033	1	0.961824923068334	0.95796020167627	0.958095118402447	0.958804830223954	0.935650496558011	0.959178689053812	0.93675541412037	0.947085510560055	0.943809749134586	0.916271424376047	0.936305125196937	0.903222878188713	0.927777863692204	0.948097436275989	0.845678177710875	0.951017707445045	0.969924888792886	0.954543449632358	0.950709008539974	0.948187957217513	0.959941799918737	0.957405493292836	0.935222027079647	0.947332822419734	0.956841502029469	0.957147679382479	0.968207606876323
II_48h_1	0.949198168927978	0.971805164395667	0.967644628757893	0.950166204401064	0.876455838332908	0.966550935631828	0.963247512667489	0.955215149466406	0.961824923068334	1	0.978252215259879	0.977754437872238	0.966246048934632	0.936218820482109	0.967836937790119	0.967503008558479	0.973925644232913	0.970699998122364	0.947650931204401	0.966650371177941	0.93873407636347	0.955126429048416	0.978400686684371	0.8893503013871	0.948771554011471	0.95495218527543	0.954002517667766	0.975867189975237	0.970727252894523	0.977190081632391	0.97669288213866	0.964125735708723	0.973268191123352	0.975545582935218	0.975995049172666	0.974637955062067
II_48h_2	0.948239835125449	0.96917797763997	0.970528547352144	0.950991617231113	0.865002735627416	0.965882739674684	0.957476664334968	0.95016572399918	0.95796020167627	0.978252215259879	1	0.983564821503993	0.966586321721012	0.935453773994985	0.973230404430087	0.969212741243429	0.976037144091325	0.976940855060653	0.950882908868998	0.969588766226636	0.938425185366188	0.959637443364603	0.980422849887028	0.886123899755878	0.94229860098003	0.94547032428872	0.944624893760623	0.980560384976998	0.975912961308992	0.981483778149803	0.973018500279918	0.959174835183876	0.969861146597947	0.97406470779309	0.978953666133298	0.973015003104094
II_48h_3	0.940832199922132	0.968316302546915	0.968428128631548	0.946285789087185	0.857649952765664	0.962782569176407	0.957683565699077	0.947359701732601	0.958095118402447	0.977754437872238	0.983564821503993	1	0.965059088354848	0.932919237418765	0.974072840100815	0.966607825823415	0.976286505411771	0.976895800471164	0.950560337856814	0.968617486013864	0.932035827513933	0.956870694612559	0.97990836327851	0.871743543274277	0.938995614600557	0.943255004502213	0.939092601512189	0.981885553028125	0.974141831371764	0.9818661967267	0.97286660239451	0.955370837216642	0.968745798817244	0.975023133865294	0.981022965910853	0.974294550703365
IV_24h_1	0.948290631824313	0.974397522169643	0.968613980114395	0.953153188946855	0.871085899403758	0.9745544723411	0.962287275786668	0.96634965316853	0.958804830223954	0.966246048934632	0.966586321721012	0.965059088354848	1	0.964290560327235	0.976225213658656	0.961446460930794	0.96783152892699	0.965215334121437	0.959771734913621	0.967519865041581	0.942563764406812	0.963150501187635	0.964872184855858	0.884255915811947	0.966430358038706	0.961291623492512	0.949395837360344	0.96078996626208	0.974831067862009	0.965724558649641	0.970856790033776	0.961533422519217	0.963584202530474	0.950645540990226	0.957466769350605	0.956397892223816
IV_24h_2	0.936840023602144	0.953806320996459	0.948171127327665	0.956649211422273	0.846828795358512	0.955734557477529	0.94007808004751	0.954332280296564	0.935650496558011	0.936218820482109	0.935453773994985	0.932919237418765	0.964290560327235	1	0.950715528019766	0.932733094949733	0.943665093884065	0.938952793225323	0.938732853327325	0.946267605703084	0.943886898103497	0.958833311422976	0.933063062497538	0.877029164352528	0.951247423586049	0.946606367791446	0.91256684913601	0.929196059082755	0.954043450493696	0.936872106719562	0.948544009459878	0.952287579597354	0.933367662951994	0.91254156173839	0.922504115158554	0.926034634386426
IV_24h_3	0.943455864695062	0.96876225925072	0.974162223939253	0.949492096111296	0.863075535165437	0.967671343699529	0.960123456522053	0.960056532319043	0.959178689053812	0.967836937790119	0.973230404430087	0.974072840100815	0.976225213658656	0.950715528019766	1	0.958734502195559	0.971352541634828	0.975239785230464	0.956076464579902	0.971612867351105	0.933149673484383	0.958961567800202	0.969129404700674	0.87239602184626	0.954455942906375	0.95438223611615	0.941020515876466	0.971151719088558	0.97352658701642	0.974259491694288	0.967844010846426	0.953396370599814	0.960940513301459	0.960367537653086	0.965291574884862	0.962635112350022
IV_48h_1	0.958193666548906	0.971434651838893	0.964566108623796	0.941878173078287	0.846267829369036	0.967944641362336	0.937430828632006	0.937984031635232	0.93675541412037	0.967503008558479	0.969212741243429	0.966607825823415	0.961446460930794	0.932733094949733	0.958734502195559	1	0.96822649784371	0.962690445475373	0.956715686015716	0.967414297890024	0.951996359742012	0.958862196021164	0.974437463667212	0.908522467891723	0.938497066382478	0.929888253387456	0.941687578399187	0.96701737811404	0.973055859061198	0.963438148966218	0.966961407816703	0.963459017708647	0.97034230468395	0.957449318571813	0.964113949463904	0.952454565307498
IV_48h_2	0.953928729445419	0.975820975354655	0.974540589851303	0.950691846957089	0.853706078964521	0.973214137554865	0.947312052989907	0.945947791769663	0.947085510560055	0.973925644232913	0.976037144091325	0.976286505411771	0.96783152892699	0.943665093884065	0.971352541634828	0.96822649784371	1	0.97636647750425	0.960074658708992	0.976328109179775	0.943446369768897	0.961320303902193	0.976219182507861	0.890278444929195	0.946782210125024	0.939308566113493	0.937022418155752	0.974863587641903	0.974814880924552	0.974674804133127	0.969190479409893	0.960338367353337	0.968325238825105	0.961705466571806	0.970016489092325	0.961732460502041
IV_48h_3	0.953095346679091	0.969235886549239	0.978208668543982	0.951462003590844	0.847718392516922	0.967173259828032	0.94455162064872	0.940056488010049	0.943809749134586	0.970699998122364	0.976940855060653	0.976895800471164	0.965215334121437	0.938952793225323	0.975239785230464	0.962690445475373	0.97636647750425	1	0.958641469682396	0.977041065999032	0.942009444719219	0.963776259705623	0.974846966087339	0.889600799149777	0.939634934337267	0.937898708949043	0.927636029958989	0.976314585532626	0.972812801680943	0.975801087353828	0.964135508512019	0.956779777257679	0.960013497525155	0.962403066003991	0.965815678091239	0.958333197364276
I_24h_1	0.952285686982155	0.967059221773283	0.964977651313623	0.928483412707472	0.820908553118762	0.969171624910609	0.920270594527191	0.926588017575903	0.916271424376047	0.947650931204401	0.950882908868998	0.950560337856814	0.959771734913621	0.938732853327325	0.956076464579902	0.956715686015716	0.960074658708992	0.958641469682396	1	0.970995042300288	0.948718184817217	0.952420596089253	0.957967584532068	0.907136733907698	0.937542422721123	0.915445423564963	0.920570213056999	0.950816843539522	0.963200551404667	0.947747723775839	0.952963865419651	0.952263834926978	0.955629576999905	0.93529174332679	0.942289188965353	0.930353781048331
I_24h_2	0.967308091659303	0.976710017757375	0.983627782574096	0.950222353039988	0.839046694111338	0.974690164767626	0.937425595958292	0.939765960717032	0.936305125196937	0.966650371177941	0.969588766226636	0.968617486013864	0.967519865041581	0.946267605703084	0.971612867351105	0.967414297890024	0.976328109179775	0.977041065999032	0.970995042300288	1	0.960087612494665	0.964990047715975	0.972191696793883	0.910074931030007	0.946576217660793	0.933524870768109	0.930659846483835	0.969836228147212	0.973893224436156	0.967017740508629	0.966654845935838	0.967329658802604	0.967348800803502	0.955571119293376	0.960936745206195	0.951464138576862
I_24h_3	0.970611667572522	0.959410123628665	0.955506632596165	0.945596200873159	0.814170010363181	0.956866210077283	0.905741671854725	0.91758681566344	0.903222878188713	0.93873407636347	0.938425185366188	0.932035827513933	0.942563764406812	0.943886898103497	0.933149673484383	0.951996359742012	0.943446369768897	0.942009444719219	0.948718184817217	0.960087612494665	1	0.958866218831582	0.944213136687502	0.941551262304551	0.926581324587081	0.910563915582584	0.909735006869961	0.935949719399596	0.95534287479379	0.930439837296535	0.946853008108106	0.97173687895947	0.94917556208659	0.920396725680174	0.925579436852581	0.91455663481983
I_48h_1	0.95767036195442	0.968426301892457	0.966699938337667	0.967266659913045	0.826667600865522	0.963243273461004	0.933137917813224	0.938972422568786	0.927777863692204	0.955126429048416	0.959637443364603	0.956870694612559	0.963150501187635	0.958833311422976	0.958961567800202	0.958862196021164	0.961320303902193	0.963776259705623	0.952420596089253	0.964990047715975	0.958866218831582	1	0.96324825530013	0.895646379882918	0.934001502996347	0.935064373808794	0.910534612248782	0.959599638597814	0.971807325625651	0.958720679380387	0.965619898183861	0.969873533721545	0.951440002539668	0.937891114842649	0.946287519763676	0.939658710228871
I_48h_2	0.953426032615873	0.975228819402719	0.971316991960892	0.948105883441153	0.850017657659993	0.968155017116191	0.949409488410523	0.942436158329921	0.948097436275989	0.978400686684371	0.980422849887028	0.97990836327851	0.964872184855858	0.933063062497538	0.969129404700674	0.974437463667212	0.976219182507861	0.974846966087339	0.957967584532068	0.972191696793883	0.944213136687502	0.96324825530013	1	0.890368119551536	0.936952097361436	0.937641352660856	0.942916137596582	0.981093185868285	0.976395814488284	0.977403153967262	0.975560918983089	0.964444367328541	0.973826306994845	0.97379927521897	0.97806815020508	0.967570361268365
I_48h_3	0.941831066963553	0.902766876294147	0.903860807676277	0.884671622007237	0.802205473760058	0.911894800809718	0.840497346296047	0.856822419379575	0.845678177710875	0.8893503013871	0.886123899755878	0.871743543274277	0.884255915811947	0.877029164352528	0.87239602184626	0.908522467891723	0.890278444929195	0.889600799149777	0.907136733907698	0.910074931030007	0.941551262304551	0.895646379882918	0.890368119551536	1	0.88890832779485	0.854191995920281	0.882141928954222	0.879440980058145	0.895457823979086	0.874089086342646	0.879332571106135	0.915101913484075	0.901534990044157	0.870252364346702	0.868176974132388	0.855724958655039
V_24h_1	0.938930942536497	0.953772746013253	0.948107101157694	0.93087707537904	0.901051475963895	0.961838613768171	0.948998226895	0.961109859178504	0.951017707445045	0.948771554011471	0.94229860098003	0.938995614600557	0.966430358038706	0.951247423586049	0.954455942906375	0.938497066382478	0.946782210125024	0.939634934337267	0.937542422721123	0.946576217660793	0.926581324587081	0.934001502996347	0.936952097361436	0.88890832779485	1	0.959243558856837	0.954923879500171	0.93242590414846	0.951196798776621	0.945267567900603	0.945165407349447	0.940675100899055	0.949059659495947	0.930045368067318	0.931915738585151	0.936245694012806
V_24h_2	0.915911404419952	0.9434184185206	0.939844593487836	0.940784879136338	0.907082300782132	0.944572533209897	0.973887262099046	0.973807226042675	0.969924888792886	0.95495218527543	0.94547032428872	0.943255004502213	0.961291623492512	0.946606367791446	0.95438223611615	0.929888253387456	0.939308566113493	0.937898708949043	0.915445423564963	0.933524870768109	0.910563915582584	0.935064373808794	0.937641352660856	0.854191995920281	0.959243558856837	1	0.948166573855288	0.937730987795153	0.94427233509203	0.949528984732876	0.95337291866548	0.940734330038536	0.939181774011384	0.93932518924604	0.9378190224536	0.952175139749076
V_24h_3	0.923398956352118	0.942823106196358	0.93117014136369	0.909483385671879	0.906268342241577	0.946637950802175	0.952361697689367	0.951600941881858	0.954543449632358	0.954002517667766	0.944624893760623	0.939092601512189	0.949395837360344	0.91256684913601	0.941020515876466	0.941687578399187	0.937022418155752	0.927636029958989	0.920570213056999	0.930659846483835	0.909735006869961	0.910534612248782	0.942916137596582	0.882141928954222	0.954923879500171	0.948166573855288	1	0.934583645044897	0.939269224693096	0.940522954534602	0.944421158787166	0.931126194501965	0.956379631456357	0.947137457064729	0.941535430561604	0.946245848099985
V_48h_1	0.944055897992681	0.967274083744668	0.969013460351219	0.948800274101876	0.847537115513063	0.961665488501389	0.950656526618947	0.942279238020519	0.950709008539974	0.975867189975237	0.980560384976998	0.981885553028125	0.96078996626208	0.929196059082755	0.971151719088558	0.96701737811404	0.974863587641903	0.976314585532626	0.950816843539522	0.969836228147212	0.935949719399596	0.959599638597814	0.981093185868285	0.879440980058145	0.93242590414846	0.937730987795153	0.934583645044897	1	0.97293219059995	0.979001211438504	0.970874709246273	0.958104385538642	0.966343519240862	0.973672764422636	0.977642960038686	0.969296119812265
V_48h_2	0.95862301902741	0.978040443066309	0.97273428423132	0.95538067340779	0.847684290064337	0.975826826097527	0.949634310389295	0.952837026345049	0.948187957217513	0.970727252894523	0.975912961308992	0.974141831371764	0.974831067862009	0.954043450493696	0.97352658701642	0.973055859061198	0.974814880924552	0.972812801680943	0.963200551404667	0.973893224436156	0.95534287479379	0.971807325625651	0.976395814488284	0.895457823979086	0.951196798776621	0.94427233509203	0.939269224693096	0.97293219059995	1	0.972111770629444	0.974368005171759	0.968608789946861	0.97175760440094	0.95704386169034	0.966248445815686	0.958172696602703
V_48h_3	0.940980889228451	0.96663895746985	0.968269363528283	0.951106005427815	0.865923071192529	0.963101837359385	0.959944178995414	0.951350102778778	0.959941799918737	0.977190081632391	0.981483778149803	0.9818661967267	0.965724558649641	0.936872106719562	0.974259491694288	0.963438148966218	0.974674804133127	0.975801087353828	0.947747723775839	0.967017740508629	0.930439837296535	0.958720679380387	0.977403153967262	0.874089086342646	0.945267567900603	0.949528984732876	0.940522954534602	0.979001211438504	0.972111770629444	1	0.97103014691664	0.955276361476485	0.96523959031759	0.972507914444972	0.977753788256864	0.973137616661963
Water_24h_1	0.947324818468551	0.975963644978913	0.967036069285507	0.956122070453917	0.854732034307538	0.968660462007633	0.963579078954157	0.959539422973307	0.957405493292836	0.97669288213866	0.973018500279918	0.97286660239451	0.970856790033776	0.948544009459878	0.967844010846426	0.966961407816703	0.969190479409893	0.964135508512019	0.952963865419651	0.966654845935838	0.946853008108106	0.965619898183861	0.975560918983089	0.879332571106135	0.945165407349447	0.95337291866548	0.944421158787166	0.970874709246273	0.974368005171759	0.97103014691664	1	0.973219480867754	0.975846306607489	0.968281060728916	0.972487048182693	0.971246775999552
Water_24h_2	0.966280216548825	0.973741639430503	0.965371096627814	0.962778594628921	0.842944195185712	0.967107073839709	0.942143979371634	0.945214316788403	0.935222027079647	0.964125735708723	0.959174835183876	0.955370837216642	0.961533422519217	0.952287579597354	0.953396370599814	0.963459017708647	0.960338367353337	0.956779777257679	0.952263834926978	0.967329658802604	0.97173687895947	0.969873533721545	0.964444367328541	0.915101913484075	0.940675100899055	0.940734330038536	0.931126194501965	0.958104385538642	0.968608789946861	0.955276361476485	0.973219480867754	1	0.967741935254345	0.949727533706841	0.953267435631009	0.949137459158365
Water_24h_3	0.957215155814184	0.97432323201763	0.965035414595709	0.939483144002101	0.860146821250569	0.971262395222045	0.948538337884168	0.946991448207319	0.947332822419734	0.973268191123352	0.969861146597947	0.968745798817244	0.963584202530474	0.933367662951994	0.960940513301459	0.97034230468395	0.968325238825105	0.960013497525155	0.955629576999905	0.967348800803502	0.94917556208659	0.951440002539668	0.973826306994845	0.901534990044157	0.949059659495947	0.939181774011384	0.956379631456357	0.966343519240862	0.97175760440094	0.96523959031759	0.975846306607489	0.967741935254345	1	0.968760469090573	0.971310349284333	0.963334864768487
Water_48h_1	0.931210786182598	0.956363326451087	0.957379402019486	0.933328083443305	0.868894560791051	0.949805551955657	0.956859606377032	0.941333965824936	0.956841502029469	0.975545582935218	0.97406470779309	0.975023133865294	0.950645540990226	0.91254156173839	0.960367537653086	0.957449318571813	0.961705466571806	0.962403066003991	0.93529174332679	0.955571119293376	0.920396725680174	0.937891114842649	0.97379927521897	0.870252364346702	0.930045368067318	0.93932518924604	0.947137457064729	0.973672764422636	0.95704386169034	0.972507914444972	0.968281060728916	0.949727533706841	0.968760469090573	1	0.982256974001325	0.979163529155347
Water_48h_2	0.934550800791241	0.962768483073741	0.960475872362313	0.939124000700015	0.859715114569414	0.955391550524602	0.957237770031671	0.943444215476939	0.957147679382479	0.975995049172666	0.978953666133298	0.981022965910853	0.957466769350605	0.922504115158554	0.965291574884862	0.964113949463904	0.970016489092325	0.965815678091239	0.942289188965353	0.960936745206195	0.925579436852581	0.946287519763676	0.97806815020508	0.868176974132388	0.931915738585151	0.9378190224536	0.941535430561604	0.977642960038686	0.966248445815686	0.977753788256864	0.972487048182693	0.953267435631009	0.971310349284333	0.982256974001325	1	0.979700770430309
Water_48h_3	0.921710523698618	0.953771407818332	0.953579374983796	0.942889119327883	0.877766103713986	0.949361727144412	0.969919806355269	0.955928034866575	0.968207606876323	0.974637955062067	0.973015003104094	0.974294550703365	0.956397892223816	0.926034634386426	0.962635112350022	0.952454565307498	0.961732460502041	0.958333197364276	0.930353781048331	0.951464138576862	0.91455663481983	0.939658710228871	0.967570361268365	0.855724958655039	0.936245694012806	0.952175139749076	0.946245848099985	0.969296119812265	0.958172696602703	0.973137616661963	0.971246775999552	0.949137459158365	0.963334864768487	0.979163529155347	0.979700770430309	1
