III_24h_1	III_24h_2	III_24h_3	III_48h_1	III_48h_2	III_48h_3	III_ypd_1	III_ypd_2	III_ypd_3	II_24h_1	II_24h_2	II_24h_3	II_48h_1	II_48h_2	II_48h_3	II_ypd_1	II_ypd_2	II_ypd_3	IV_24h_1	IV_24h_2	IV_24h_3	IV_48h_1	IV_48h_2	IV_48h_3	IV_ypd_1	IV_ypd_2	IV_ypd_3	I_24h_1	I_24h_2	I_24h_3	I_48h_1	I_48h_2	I_48h_3	I_ypd_1	I_ypd_2	I_ypd_3	V_24h_1	V_24h_2	V_24h_3	V_48h_1	V_48h_2	V_48h_3	V_ypd_1	V_ypd_2	V_ypd_3
III_24h_1	1	0.976950407233179	0.975151979136973	0.954942010966244	0.910055975338225	0.958918090103426	0.898426986398756	0.899316052746846	0.897610681810331	0.870980263568372	0.910126217619301	0.875405540309955	0.881699746541726	0.8559627031001	0.84211061603605	0.832502867128415	0.828278607985953	0.831102789732546	0.905171202420374	0.868547438135467	0.908721269952015	0.89161997576136	0.899043076448314	0.907965825954517	0.824564685916675	0.813641633652956	0.822057075485645	0.903490723213314	0.933757966315089	0.927016045610293	0.914839734893766	0.925271082552665	0.878059333872519	0.832355764379391	0.832983101969122	0.835627888424711	0.849833439912868	0.8529779408795	0.830884563594423	0.861329794142082	0.842349032016222	0.847987397981512	0.765531955753735	0.760767182051937	0.764389135934112
III_24h_2	0.976950407233179	1	0.970823167643241	0.932635600377781	0.886171643732161	0.932820150798703	0.898614250814803	0.899529209865034	0.899247231021296	0.867924409571514	0.911154941178865	0.872599034218827	0.8803955330236	0.851627680633252	0.840758693636369	0.833923340840306	0.830145815052568	0.833095815131918	0.910473501585373	0.869338096347355	0.907746474165143	0.891550542747123	0.886896128449807	0.910971678879604	0.832653059916357	0.823691801369607	0.830273996036345	0.905201062008006	0.92377552077612	0.92944182042269	0.902394614594978	0.915516646398541	0.882252748795288	0.837577141439744	0.837667387979538	0.840208576319143	0.844541431011296	0.847956893163405	0.830504785635692	0.856099234987986	0.842500691179259	0.843148128523135	0.774930789942042	0.771110712933351	0.77451151688449
III_24h_3	0.975151979136973	0.970823167643241	1	0.939315042487091	0.896918084987845	0.955111392316846	0.887295902193353	0.888775037140313	0.887985934647788	0.878705334450872	0.906517051187243	0.887977176570149	0.887886610443706	0.837133681826583	0.825176794352085	0.831607720805354	0.826011184948198	0.832370779314222	0.905913052850548	0.893865808175166	0.904050338853302	0.891608034420889	0.900024779651845	0.90938159022451	0.829184064147349	0.813395817764379	0.826802345317349	0.91709460250708	0.923153778664896	0.913007379652869	0.879150745727926	0.890725821045961	0.840619087927994	0.816946724942011	0.815673975110735	0.821933824791043	0.837890544446416	0.839750033074081	0.823942222122905	0.844283762693122	0.842462420850279	0.838962374929484	0.768550201885084	0.761794377402824	0.767320593698787
III_48h_1	0.954942010966244	0.932635600377781	0.939315042487091	1	0.927643286627177	0.975384732025074	0.867980185792839	0.869541415948598	0.869901746109354	0.841525222592312	0.876321901545951	0.841042303213267	0.86880973441401	0.83893362890044	0.823160183069373	0.816653051665377	0.816770088539858	0.818189030656192	0.883577793440652	0.846976715879022	0.885535387334449	0.884465210621565	0.902296226146126	0.881583933604764	0.796017979655195	0.780280763327615	0.794754063702766	0.884688047486745	0.911555137856697	0.883711036548523	0.911489932364284	0.902898381434117	0.856820991978453	0.799268302777075	0.800013927972947	0.803863052671608	0.828726762932044	0.83358886238725	0.80333946178688	0.849089250771631	0.826344336381482	0.838991507933837	0.745622815884422	0.737991587500699	0.742488655971389
III_48h_2	0.910055975338225	0.886171643732161	0.896918084987845	0.927643286627177	1	0.919903175751153	0.803342170541025	0.804906324517048	0.805326069373802	0.833495851904856	0.845794580670042	0.842298727775925	0.843267037022039	0.808818538450768	0.80098225521902	0.783482671266085	0.785625369654491	0.786251040910904	0.845690756767207	0.844978081436287	0.85097111447515	0.850642887492794	0.86776952550582	0.841083439202434	0.737570686874572	0.714369265236088	0.737374838888125	0.852762200602333	0.876274375992654	0.842429241472815	0.862981187816535	0.849921880397177	0.792064301274019	0.73053078195527	0.734229047045028	0.740788016041003	0.82402105537491	0.81934161909585	0.798245753939928	0.813585688555239	0.792725637094173	0.816176315234007	0.692833480807474	0.686458267589794	0.691391872844914
III_48h_3	0.958918090103426	0.932820150798703	0.955111392316846	0.975384732025074	0.919903175751153	1	0.870249031757092	0.872791549819875	0.871555231634114	0.852972528263965	0.8747371301966	0.860528934077984	0.870070009134322	0.811568122196711	0.797390080244675	0.813610123410885	0.80990320263145	0.81611283364824	0.876308512366261	0.870840196982902	0.876165922383248	0.870237874429068	0.903891408165536	0.877700971782623	0.802283055789098	0.780147124429357	0.799673692489396	0.899751509889372	0.905542588969129	0.876067562082716	0.875092161578064	0.877173936124671	0.814945065185542	0.793170581600129	0.792774447574858	0.800268378378944	0.821722675841071	0.825746113744364	0.8003791251196	0.83386307120795	0.828260536755476	0.829278947141619	0.746829160417464	0.736876846540918	0.743310757336842
III_ypd_1	0.898426986398756	0.898614250814803	0.887295902193353	0.867980185792839	0.803342170541025	0.870249031757092	1	0.99876159972904	0.998047511789797	0.836159204730707	0.859652944444072	0.823727226304655	0.834578937931243	0.799200117679689	0.789174914203821	0.867541420341019	0.864512438966627	0.868400511204262	0.83201934258815	0.796549817833556	0.823376231543865	0.811564242799797	0.804326263612611	0.835731251212229	0.910917319737134	0.903809769677732	0.909236650514073	0.845326444463743	0.846959513324352	0.862544895957004	0.827449478227932	0.836516158044713	0.834478074807566	0.920154117018164	0.917574216668984	0.920724837061227	0.774250237616042	0.775647223030463	0.776355925074223	0.824963312173007	0.795712102560724	0.787828961240771	0.850798646744402	0.844928837012419	0.848820211247759
III_ypd_2	0.899316052746846	0.899529209865034	0.888775037140313	0.869541415948598	0.804906324517048	0.872791549819875	0.99876159972904	1	0.99839268206607	0.837687678639357	0.860122322003648	0.826413075816718	0.837197463894271	0.800869048059169	0.790995430245654	0.868575992243688	0.866023667282868	0.869765772632563	0.833332529983342	0.799078326763483	0.824778844577171	0.813850449858137	0.807305107078367	0.83750655024601	0.910659447176887	0.902926039939953	0.909428599364112	0.848008126658336	0.849411421567601	0.862909968770984	0.828555009674943	0.8376034708755	0.833707352131144	0.918238612490421	0.915978736493819	0.919260953177891	0.776047611167756	0.7777495740262	0.777289121463427	0.827083783272166	0.797842215751824	0.790446510883398	0.851318446793093	0.844809824781959	0.848996552355356
III_ypd_3	0.897610681810331	0.899247231021296	0.887985934647788	0.869901746109354	0.805326069373802	0.871555231634114	0.998047511789797	0.99839268206607	1	0.838177502761028	0.862585409740438	0.826476351829493	0.838825216034215	0.804859187214499	0.796265927685587	0.873208463956105	0.871179230942975	0.874906473928878	0.837548611153818	0.80138285450224	0.829392227507385	0.819722265425954	0.81137171580511	0.840366131461193	0.915219896621238	0.907338026925722	0.914453589743171	0.848952731369463	0.850885574736925	0.863608853221341	0.831141213146074	0.839370417562135	0.836120619304293	0.920966810673466	0.919011487713017	0.922453459595678	0.77915116911544	0.780913383739309	0.779045582084945	0.831332001388343	0.800850987415557	0.795175425553477	0.855251176019294	0.849036964515305	0.853011631907163
II_24h_1	0.870980263568372	0.867924409571514	0.878705334450872	0.841525222592312	0.833495851904856	0.852972528263965	0.836159204730707	0.837687678639357	0.838177502761028	1	0.927921249140255	0.94658216258674	0.941746367034873	0.886800805340148	0.875823880234526	0.902562672421308	0.898759491996238	0.904002301937339	0.860540411241069	0.86506454118676	0.857075976801349	0.846492429226008	0.853470930613	0.86786659658258	0.819513399407663	0.803537929700053	0.818457597961412	0.878238667537096	0.868628331616234	0.867569203487927	0.828412642455958	0.834099953169244	0.794624993492365	0.80409934174372	0.804014753850584	0.810415512993581	0.810271286857087	0.808025378855446	0.810448914127606	0.818713642138735	0.815661354728773	0.811039869134495	0.773776676009922	0.767599313176486	0.772968739849366
II_24h_2	0.910126217619301	0.911154941178865	0.906517051187243	0.876321901545951	0.845794580670042	0.8747371301966	0.859652944444072	0.860122322003648	0.862585409740438	0.927921249140255	1	0.927359139710319	0.933159784604982	0.91114195493148	0.899521608033439	0.895070943160839	0.89207775984446	0.895507367812099	0.919714924567669	0.88289985707496	0.92475917943236	0.9073816921411	0.902688079085575	0.920353858051131	0.850217439145757	0.84189653246836	0.849266568318026	0.895507750051304	0.917009384700636	0.917270859965782	0.889248887670538	0.895276283653215	0.859491303799821	0.84418101975648	0.845232326599632	0.847984910355133	0.857061258043263	0.858910265108577	0.849435895348621	0.865549654512423	0.854132311817631	0.861790025226711	0.798324126861595	0.795766540375099	0.799250464212012
II_24h_3	0.875405540309955	0.872599034218827	0.887977176570149	0.841042303213267	0.842298727775925	0.860528934077984	0.823727226304655	0.826413075816718	0.826476351829493	0.94658216258674	0.927359139710319	1	0.949500124773692	0.890994886677181	0.881010367719284	0.89614987466074	0.892198608708006	0.898912361404294	0.864843225648946	0.875040392391214	0.862504317721594	0.854375178251057	0.866904236646576	0.871029685263283	0.806423814467138	0.789750735597176	0.805588452676327	0.879802740016719	0.878359084149605	0.862729918531257	0.827861392603076	0.833891749334905	0.780011774322321	0.783846690681165	0.784345054507806	0.791811737714134	0.818297039685994	0.817196257562566	0.814381937419129	0.815789949361547	0.819249374439299	0.82053216110729	0.759129660776573	0.753516543534497	0.759451610813296
II_48h_1	0.881699746541726	0.8803955330236	0.887886610443706	0.86880973441401	0.843267037022039	0.870070009134322	0.834578937931243	0.837197463894271	0.838825216034215	0.941746367034873	0.933159784604982	0.949500124773692	1	0.928088101440525	0.91650774865367	0.918061267828055	0.918513786249219	0.921732703318003	0.874425302634854	0.86380736733443	0.873095001427965	0.870970653337065	0.874284521163704	0.88043796397897	0.819998137650748	0.805479900421516	0.8206304330667	0.889108640901633	0.888815052534055	0.874221051152669	0.857757154752137	0.861070694197157	0.82353564810789	0.802403089702641	0.803761790024655	0.808801456374055	0.824128489931808	0.827344790646451	0.81929061820136	0.83602185816292	0.833319733141001	0.832956809540664	0.774740610517618	0.769459737293934	0.773920735208779
II_48h_2	0.8559627031001	0.851627680633252	0.837133681826583	0.83893362890044	0.808818538450768	0.811568122196711	0.799200117679689	0.800869048059169	0.804859187214499	0.886800805340148	0.91114195493148	0.890994886677181	0.928088101440525	1	0.968240078789292	0.897940944675718	0.902949226858647	0.898899461630025	0.853552856443608	0.788636586974488	0.871307704139696	0.865510122032767	0.845592949058974	0.853663526514398	0.773334211803429	0.771465285765121	0.778303711492758	0.816213440799292	0.87950985541348	0.860675336918468	0.887067497579221	0.879255387237615	0.846478609789252	0.782307873367056	0.787511511181498	0.786989686993371	0.825572836988631	0.831828476046724	0.793858952063522	0.84345777846447	0.800377451542304	0.832954283183149	0.736185030305496	0.736343839414976	0.736680283204735
II_48h_3	0.84211061603605	0.840758693636369	0.825176794352085	0.823160183069373	0.80098225521902	0.797390080244675	0.789174914203821	0.790995430245654	0.796265927685587	0.875823880234526	0.899521608033439	0.881010367719284	0.91650774865367	0.968240078789292	1	0.891042829653095	0.897378897425529	0.893431411313264	0.847665301437149	0.786932530182714	0.864049556719048	0.861763778272394	0.838083765335737	0.842436391160901	0.772856670992663	0.770738037183588	0.779118693275159	0.808599612933432	0.868531485192863	0.85017562284978	0.870498387493816	0.86313810170334	0.833176935859621	0.779304282496955	0.783939861555057	0.784199016270756	0.826223628413457	0.831210491136958	0.795094158759604	0.840569948852892	0.799314713371529	0.832527571331744	0.738050062380865	0.738714598827299	0.738354931195653
II_ypd_1	0.832502867128415	0.833923340840306	0.831607720805354	0.816653051665377	0.783482671266085	0.813610123410885	0.867541420341019	0.868575992243688	0.873208463956105	0.902562672421308	0.895070943160839	0.89614987466074	0.918061267828055	0.897940944675718	0.891042829653095	1	0.995464868546018	0.99701042480096	0.830902443390739	0.80779827466263	0.829496417109641	0.827108770360663	0.816945102444641	0.83008123674416	0.866936657591966	0.856784424416455	0.868382470194481	0.816968679894435	0.83158029759452	0.823610769200138	0.807425044086139	0.806358908355484	0.787053732843731	0.8544852297567	0.857999482469213	0.86208487009561	0.798047715932521	0.797522013469762	0.802951567269932	0.830504256074295	0.81456926658628	0.816448297618132	0.837134287447683	0.831498487536042	0.835197896091056
II_ypd_2	0.828278607985953	0.830145815052568	0.826011184948198	0.816770088539858	0.785625369654491	0.80990320263145	0.864512438966627	0.866023667282868	0.871179230942975	0.898759491996238	0.89207775984446	0.892198608708006	0.918513786249219	0.902949226858647	0.897378897425529	0.995464868546018	1	0.995686095207728	0.83010329659017	0.802786252908603	0.83039074072236	0.83023413013572	0.818254876853742	0.829646461423188	0.864055237664509	0.854783227830114	0.866698806683503	0.815930092111934	0.832715731814488	0.821568738567209	0.812145875529117	0.808925151205104	0.790979943867258	0.85471985065835	0.858874299060231	0.862836496265571	0.798100335615566	0.797989407854011	0.798325395549201	0.831200193816137	0.810539342592808	0.818797245909182	0.834021560769087	0.829322908431071	0.832288131917525
II_ypd_3	0.831102789732546	0.833095815131918	0.832370779314222	0.818189030656192	0.786251040910904	0.81611283364824	0.868400511204262	0.869765772632563	0.874906473928878	0.904002301937339	0.895507367812099	0.898912361404294	0.921732703318003	0.898899461630025	0.893431411313264	0.99701042480096	0.995686095207728	1	0.833360639349464	0.815547883843287	0.832036018348392	0.831718323554269	0.821093196873251	0.830749104298729	0.870657775247482	0.859758656062108	0.872621006358734	0.824501319506289	0.835452092599373	0.825519501894796	0.809155702668649	0.807865285859974	0.788447280820884	0.856312742097029	0.859835537650384	0.86456647797211	0.797650353425317	0.797265442807526	0.80066129588244	0.830953261667594	0.815280145794518	0.818609106256971	0.839930252412828	0.834465998979446	0.838397080809849
IV_24h_1	0.905171202420374	0.910473501585373	0.905913052850548	0.883577793440652	0.845690756767207	0.876308512366261	0.83201934258815	0.833332529983342	0.837548611153818	0.860540411241069	0.919714924567669	0.864843225648946	0.874425302634854	0.853552856443608	0.847665301437149	0.830902443390739	0.83010329659017	0.833360639349464	1	0.929198876227624	0.973673626858298	0.964168369783927	0.946084943128225	0.972262938896494	0.865618919459183	0.852962187861685	0.865295452789921	0.895963074297503	0.912622709568619	0.910162614091749	0.894526724712176	0.894927837664618	0.86723212287583	0.817531078335978	0.818157939589045	0.822105097161537	0.857094248276605	0.858831472708432	0.843150651507252	0.860728525306125	0.85294674742665	0.863846632456886	0.777149365654623	0.772207293185178	0.775392648387818
IV_24h_2	0.868547438135467	0.869338096347355	0.893865808175166	0.846976715879022	0.844978081436287	0.870840196982902	0.796549817833556	0.799078326763483	0.80138285450224	0.86506454118676	0.88289985707496	0.875040392391214	0.86380736733443	0.788636586974488	0.786932530182714	0.80779827466263	0.802786252908603	0.815547883843287	0.929198876227624	1	0.917360264662679	0.918989877040282	0.928820775340507	0.926426523178123	0.843268284722363	0.816288927461572	0.841648899033876	0.902758849481383	0.879859917459343	0.866416830213196	0.820282823770555	0.819840417737245	0.771175387736546	0.766416185313597	0.765225819029634	0.776280385756295	0.829625060290298	0.822353698753631	0.825357912803433	0.816649331859302	0.838407410558514	0.834470123711795	0.767382944244104	0.758001317049649	0.765077788799371
IV_24h_3	0.908721269952015	0.907746474165143	0.904050338853302	0.885535387334449	0.85097111447515	0.876165922383248	0.823376231543865	0.824778844577171	0.829392227507385	0.857075976801349	0.92475917943236	0.862504317721594	0.873095001427965	0.871307704139696	0.864049556719048	0.829496417109641	0.83039074072236	0.832036018348392	0.973673626858298	0.917360264662679	1	0.971222281718677	0.953158930194216	0.962437829416115	0.848977535811399	0.837506556399872	0.850096514706592	0.884900723468137	0.924415179959968	0.908940601865256	0.906486368654894	0.903602859933234	0.862552291163697	0.807571745250736	0.810451556144786	0.814216385939325	0.871952311346042	0.874664285312699	0.846077572951733	0.874571320480827	0.857739832421499	0.876318861193605	0.766859716907316	0.764444143809332	0.766817270612396
IV_48h_1	0.89161997576136	0.891550542747123	0.891608034420889	0.884465210621565	0.850642887492794	0.870237874429068	0.811564242799797	0.813850449858137	0.819722265425954	0.846492429226008	0.9073816921411	0.854375178251057	0.870970653337065	0.865510122032767	0.861763778272394	0.827108770360663	0.83023413013572	0.831718323554269	0.964168369783927	0.918989877040282	0.971222281718677	1	0.957696802767814	0.953766872330927	0.842915752191884	0.82794551111382	0.84651068267443	0.879509999243764	0.916805953275406	0.888684030242133	0.898327476009797	0.888207559707626	0.847330209190283	0.79312698472758	0.795733145575594	0.80050449008598	0.868435427815063	0.869013542070459	0.838874496024439	0.873170025084461	0.853414915483457	0.878094482367189	0.769451631879537	0.764247902285299	0.76748169232726
IV_48h_2	0.899043076448314	0.886896128449807	0.900024779651845	0.902296226146126	0.86776952550582	0.903891408165536	0.804326263612611	0.807305107078367	0.81137171580511	0.853470930613	0.902688079085575	0.866904236646576	0.874284521163704	0.845592949058974	0.838083765335737	0.816945102444641	0.818254876853742	0.821093196873251	0.946084943128225	0.928820775340507	0.953158930194216	0.957696802767814	1	0.949854329774063	0.831264522627212	0.810500018561889	0.832459848069387	0.892257503889346	0.919304717451001	0.878020272379511	0.890741251013028	0.883077759509626	0.81719301524105	0.777946511774495	0.780407140020932	0.788309838305601	0.866920567615751	0.868842609509417	0.833531585404884	0.863237033150683	0.854443778732044	0.877012929131464	0.753451436724566	0.746676447121249	0.750921938386932
IV_48h_3	0.907965825954517	0.910971678879604	0.90938159022451	0.881583933604764	0.841083439202434	0.877700971782623	0.835731251212229	0.83750655024601	0.840366131461193	0.86786659658258	0.920353858051131	0.871029685263283	0.88043796397897	0.853663526514398	0.842436391160901	0.83008123674416	0.829646461423188	0.830749104298729	0.972262938896494	0.926426523178123	0.962437829416115	0.953766872330927	0.949854329774063	1	0.864669828069814	0.85044813620481	0.864413153918014	0.89714110871761	0.908628201250198	0.909827746479376	0.889316549624737	0.89262417446839	0.859925549840849	0.813546027152947	0.814095508608639	0.817170472551741	0.850428097233181	0.853033095021555	0.83927495146774	0.852338796150564	0.846166471395733	0.855557505810436	0.77107310377905	0.764160431198265	0.767621514244738
IV_ypd_1	0.824564685916675	0.832653059916357	0.829184064147349	0.796017979655195	0.737570686874572	0.802283055789098	0.910917319737134	0.910659447176887	0.915219896621238	0.819513399407663	0.850217439145757	0.806423814467138	0.819998137650748	0.773334211803429	0.772856670992663	0.866936657591966	0.864055237664509	0.870657775247482	0.865618919459183	0.843268284722363	0.848977535811399	0.842915752191884	0.831264522627212	0.864669828069814	1	0.99313070406187	0.997571227967897	0.832963618343957	0.818923179126758	0.835632655681571	0.78724895764517	0.796750977009542	0.804874659739033	0.926336633646107	0.923250064412976	0.927332999098405	0.772076530748651	0.771296203234118	0.786137378899264	0.809531732399706	0.808711070631745	0.78957784214174	0.890738250499403	0.888779043772381	0.89074995666291
IV_ypd_2	0.813641633652956	0.823691801369607	0.813395817764379	0.780280763327615	0.714369265236088	0.780147124429357	0.903809769677732	0.902926039939953	0.907338026925722	0.803537929700053	0.84189653246836	0.789750735597176	0.805479900421516	0.771465285765121	0.770738037183588	0.856784424416455	0.854783227830114	0.859758656062108	0.852962187861685	0.816288927461572	0.837506556399872	0.82794551111382	0.810500018561889	0.85044813620481	0.99313070406187	1	0.990625707384625	0.813024971719592	0.811170591433658	0.831378750104668	0.785622490798159	0.796424507211746	0.812286306377832	0.934268813521766	0.931414899118507	0.933343649818322	0.760924451834403	0.761454373879808	0.775968156512711	0.799990926647096	0.797354826566167	0.777723182452868	0.888662672968412	0.891784902227669	0.891817472003008
IV_ypd_3	0.822057075485645	0.830273996036345	0.826802345317349	0.794754063702766	0.737374838888125	0.799673692489396	0.909236650514073	0.909428599364112	0.914453589743171	0.818457597961412	0.849266568318026	0.805588452676327	0.8206304330667	0.778303711492758	0.779118693275159	0.868382470194481	0.866698806683503	0.872621006358734	0.865295452789921	0.841648899033876	0.850096514706592	0.84651068267443	0.832459848069387	0.864413153918014	0.997571227967897	0.990625707384625	1	0.831199253599829	0.819921975219142	0.83404944373433	0.788291736616007	0.795578502797067	0.804146518190045	0.923992255472844	0.921141864280832	0.925351492486553	0.775086978759013	0.774118141925354	0.785356099924383	0.813053130549441	0.80854531257156	0.793965824767112	0.89130649362872	0.887977686446722	0.889919948609613
I_24h_1	0.903490723213314	0.905201062008006	0.91709460250708	0.884688047486745	0.852762200602333	0.899751509889372	0.845326444463743	0.848008126658336	0.848952731369463	0.878238667537096	0.895507750051304	0.879802740016719	0.889108640901633	0.816213440799292	0.808599612933432	0.816968679894435	0.815930092111934	0.824501319506289	0.895963074297503	0.902758849481383	0.884900723468137	0.879509999243764	0.892257503889346	0.89714110871761	0.832963618343957	0.813024971719592	0.831199253599829	1	0.930726317525163	0.924929650391226	0.883519766629681	0.894125942412894	0.852893931458551	0.830230626167115	0.828488408284075	0.836684092142306	0.824053423036977	0.822569248659866	0.816971332115106	0.826345048239176	0.834162731695652	0.829737474292815	0.778357287293514	0.77015786176343	0.776243936220289
I_24h_2	0.933757966315089	0.92377552077612	0.923153778664896	0.911555137856697	0.876274375992654	0.905542588969129	0.846959513324352	0.849411421567601	0.850885574736925	0.868628331616234	0.917009384700636	0.878359084149605	0.888815052534055	0.87950985541348	0.868531485192863	0.83158029759452	0.832715731814488	0.835452092599373	0.912622709568619	0.879859917459343	0.924415179959968	0.916805953275406	0.919304717451001	0.908628201250198	0.818923179126758	0.811170591433658	0.819921975219142	0.930726317525163	1	0.947007954382365	0.956671624592134	0.954415691483529	0.897150419004144	0.843206422853526	0.846001204915808	0.850084044013643	0.870535594898949	0.872545733928057	0.83953544566339	0.873229456483723	0.854600269326807	0.87207733504644	0.770839229692466	0.768467222791379	0.771579749193021
I_24h_3	0.927016045610293	0.92944182042269	0.913007379652869	0.883711036548523	0.842429241472815	0.876067562082716	0.862544895957004	0.862909968770984	0.863608853221341	0.867569203487927	0.917270859965782	0.862729918531257	0.874221051152669	0.860675336918468	0.85017562284978	0.823610769200138	0.821568738567209	0.825519501894796	0.910162614091749	0.866416830213196	0.908940601865256	0.888684030242133	0.878020272379511	0.909827746479376	0.835632655681571	0.831378750104668	0.83404944373433	0.924929650391226	0.947007954382365	1	0.93617807171806	0.949433194581297	0.927235265048202	0.865926287856263	0.866020602273492	0.866676260137586	0.839699576184406	0.839829757139705	0.830594126593719	0.851296631369915	0.833801270376135	0.840436215472809	0.780265325205982	0.777776257369692	0.780056511725886
I_48h_1	0.914839734893766	0.902394614594978	0.879150745727926	0.911489932364284	0.862981187816535	0.875092161578064	0.827449478227932	0.828555009674943	0.831141213146074	0.828412642455958	0.889248887670538	0.827861392603076	0.857757154752137	0.887067497579221	0.870498387493816	0.807425044086139	0.812145875529117	0.809155702668649	0.894526724712176	0.820282823770555	0.906486368654894	0.898327476009797	0.890741251013028	0.889316549624737	0.78724895764517	0.785622490798159	0.788291736616007	0.883519766629681	0.956671624592134	0.93617807171806	1	0.979807907233	0.942210480945041	0.830604048933792	0.834428231803882	0.833692349170385	0.847401556124507	0.853065471982513	0.812427193558341	0.866600108626181	0.821634147114592	0.852647669349318	0.741826177885184	0.741414958605675	0.741715922310708
I_48h_2	0.925271082552665	0.915516646398541	0.890725821045961	0.902898381434117	0.849921880397177	0.877173936124671	0.836516158044713	0.8376034708755	0.839370417562135	0.834099953169244	0.895276283653215	0.833891749334905	0.861070694197157	0.879255387237615	0.86313810170334	0.806358908355484	0.808925151205104	0.807865285859974	0.894927837664618	0.819840417737245	0.903602859933234	0.888207559707626	0.883077759509626	0.89262417446839	0.796750977009542	0.796424507211746	0.795578502797067	0.894125942412894	0.954415691483529	0.949433194581297	0.979807907233	1	0.953296434784888	0.844395161241085	0.84752784933947	0.845860926197995	0.839279551140402	0.846248323749265	0.815549880871322	0.859197665484205	0.824673806468449	0.842294974149924	0.748118876043371	0.749310837262684	0.749460616011966
I_48h_3	0.878059333872519	0.882252748795288	0.840619087927994	0.856820991978453	0.792064301274019	0.814945065185542	0.834478074807566	0.833707352131144	0.836120619304293	0.794624993492365	0.859491303799821	0.780011774322321	0.82353564810789	0.846478609789252	0.833176935859621	0.787053732843731	0.790979943867258	0.788447280820884	0.86723212287583	0.771175387736546	0.862552291163697	0.847330209190283	0.81719301524105	0.859925549840849	0.804874659739033	0.812286306377832	0.804146518190045	0.852893931458551	0.897150419004144	0.927235265048202	0.942210480945041	0.953296434784888	1	0.86177718739565	0.863351837342115	0.858134271784362	0.790864776209795	0.797098016455181	0.781629806464342	0.823716578054504	0.787144969068252	0.798494669125612	0.755404134769898	0.758087430949138	0.755780070485537
I_ypd_1	0.832355764379391	0.837577141439744	0.816946724942011	0.799268302777075	0.73053078195527	0.793170581600129	0.920154117018164	0.918238612490421	0.920966810673466	0.80409934174372	0.84418101975648	0.783846690681165	0.802403089702641	0.782307873367056	0.779304282496955	0.8544852297567	0.85471985065835	0.856312742097029	0.817531078335978	0.766416185313597	0.807571745250736	0.79312698472758	0.777946511774495	0.813546027152947	0.926336633646107	0.934268813521766	0.923992255472844	0.830230626167115	0.843206422853526	0.865926287856263	0.830604048933792	0.844395161241085	0.86177718739565	1	0.998195344813994	0.996981645947888	0.762701798519014	0.763201610908386	0.774441623930827	0.802428862200201	0.788178013606734	0.774442393287942	0.871097764718766	0.875280525372949	0.874262679447972
I_ypd_2	0.832983101969122	0.837667387979538	0.815673975110735	0.800013927972947	0.734229047045028	0.792774447574858	0.917574216668984	0.915978736493819	0.919011487713017	0.804014753850584	0.845232326599632	0.784345054507806	0.803761790024655	0.787511511181498	0.783939861555057	0.857999482469213	0.858874299060231	0.859835537650384	0.818157939589045	0.765225819029634	0.810451556144786	0.795733145575594	0.780407140020932	0.814095508608639	0.923250064412976	0.931414899118507	0.921141864280832	0.828488408284075	0.846001204915808	0.866020602273492	0.834428231803882	0.84752784933947	0.863351837342115	0.998195344813994	1	0.998207481322085	0.767667700019789	0.768401330736867	0.777041705642859	0.806395546772672	0.789904345518359	0.779144463649589	0.868333474661322	0.873524082975155	0.872001609382121
I_ypd_3	0.835627888424711	0.840208576319143	0.821933824791043	0.803863052671608	0.740788016041003	0.800268378378944	0.920724837061227	0.919260953177891	0.922453459595678	0.810415512993581	0.847984910355133	0.791811737714134	0.808801456374055	0.786989686993371	0.784199016270756	0.86208487009561	0.862836496265571	0.86456647797211	0.822105097161537	0.776280385756295	0.814216385939325	0.80050449008598	0.788309838305601	0.817170472551741	0.927332999098405	0.933343649818322	0.925351492486553	0.836684092142306	0.850084044013643	0.866676260137586	0.833692349170385	0.845860926197995	0.858134271784362	0.996981645947888	0.998207481322085	1	0.771593772604623	0.771645730216774	0.779623465489321	0.809139703059506	0.794186163218143	0.783411889138681	0.872406816128876	0.877065461857588	0.876097091689586
V_24h_1	0.849833439912868	0.844541431011296	0.837890544446416	0.828726762932044	0.82402105537491	0.821722675841071	0.774250237616042	0.776047611167756	0.77915116911544	0.810271286857087	0.857061258043263	0.818297039685994	0.824128489931808	0.825572836988631	0.826223628413457	0.798047715932521	0.798100335615566	0.797650353425317	0.857094248276605	0.829625060290298	0.871952311346042	0.868435427815063	0.866920567615751	0.850428097233181	0.772076530748651	0.760924451834403	0.775086978759013	0.824053423036977	0.870535594898949	0.839699576184406	0.847401556124507	0.839279551140402	0.790864776209795	0.762701798519014	0.767667700019789	0.771593772604623	1	0.986772986642895	0.95440635637743	0.959572951813318	0.951303444743253	0.968233949429429	0.831945428567394	0.825867453674087	0.828043089815651
V_24h_2	0.8529779408795	0.847956893163405	0.839750033074081	0.83358886238725	0.81934161909585	0.825746113744364	0.775647223030463	0.7777495740262	0.780913383739309	0.808025378855446	0.858910265108577	0.817196257562566	0.827344790646451	0.831828476046724	0.831210491136958	0.797522013469762	0.797989407854011	0.797265442807526	0.858831472708432	0.822353698753631	0.874664285312699	0.869013542070459	0.868842609509417	0.853033095021555	0.771296203234118	0.761454373879808	0.774118141925354	0.822569248659866	0.872545733928057	0.839829757139705	0.853065471982513	0.846248323749265	0.797098016455181	0.763201610908386	0.768401330736867	0.771645730216774	0.986772986642895	1	0.948965600838242	0.960504589108734	0.952805081427284	0.968579087234726	0.831279163204583	0.82658600974705	0.828448135292579
V_24h_3	0.830884563594423	0.830504785635692	0.823942222122905	0.80333946178688	0.798245753939928	0.8003791251196	0.776355925074223	0.777289121463427	0.779045582084945	0.810448914127606	0.849435895348621	0.814381937419129	0.81929061820136	0.793858952063522	0.795094158759604	0.802951567269932	0.798325395549201	0.80066129588244	0.843150651507252	0.825357912803433	0.846077572951733	0.838874496024439	0.833531585404884	0.83927495146774	0.786137378899264	0.775968156512711	0.785356099924383	0.816971332115106	0.83953544566339	0.830594126593719	0.812427193558341	0.815549880871322	0.781629806464342	0.774441623930827	0.777041705642859	0.779623465489321	0.95440635637743	0.948965600838242	1	0.932149109112941	0.957897032367095	0.931019892408296	0.861355703076979	0.854344603878088	0.857135932329272
V_48h_1	0.861329794142082	0.856099234987986	0.844283762693122	0.849089250771631	0.813585688555239	0.83386307120795	0.824963312173007	0.827083783272166	0.831332001388343	0.818713642138735	0.865549654512423	0.815789949361547	0.83602185816292	0.84345777846447	0.840569948852892	0.830504256074295	0.831200193816137	0.830953261667594	0.860728525306125	0.816649331859302	0.874571320480827	0.873170025084461	0.863237033150683	0.852338796150564	0.809531732399706	0.799990926647096	0.813053130549441	0.826345048239176	0.873229456483723	0.851296631369915	0.866600108626181	0.859197665484205	0.823716578054504	0.802428862200201	0.806395546772672	0.809139703059506	0.959572951813318	0.960504589108734	0.932149109112941	1	0.947179076211305	0.963603815768753	0.864133057149747	0.857368380989311	0.859447678885261
V_48h_2	0.842349032016222	0.842500691179259	0.842462420850279	0.826344336381482	0.792725637094173	0.828260536755476	0.795712102560724	0.797842215751824	0.800850987415557	0.815661354728773	0.854132311817631	0.819249374439299	0.833319733141001	0.800377451542304	0.799314713371529	0.81456926658628	0.810539342592808	0.815280145794518	0.85294674742665	0.838407410558514	0.857739832421499	0.853414915483457	0.854443778732044	0.846166471395733	0.808711070631745	0.797354826566167	0.80854531257156	0.834162731695652	0.854600269326807	0.833801270376135	0.821634147114592	0.824673806468449	0.787144969068252	0.788178013606734	0.789904345518359	0.794186163218143	0.951303444743253	0.952805081427284	0.957897032367095	0.947179076211305	1	0.947632809692442	0.88174724270465	0.874848621560221	0.878337135863194
V_48h_3	0.847987397981512	0.843148128523135	0.838962374929484	0.838991507933837	0.816176315234007	0.829278947141619	0.787828961240771	0.790446510883398	0.795175425553477	0.811039869134495	0.861790025226711	0.82053216110729	0.832956809540664	0.832954283183149	0.832527571331744	0.816448297618132	0.818797245909182	0.818609106256971	0.863846632456886	0.834470123711795	0.876318861193605	0.878094482367189	0.877012929131464	0.855557505810436	0.78957784214174	0.777723182452868	0.793965824767112	0.829737474292815	0.87207733504644	0.840436215472809	0.852647669349318	0.842294974149924	0.798494669125612	0.774442393287942	0.779144463649589	0.783411889138681	0.968233949429429	0.968579087234726	0.931019892408296	0.963603815768753	0.947632809692442	1	0.847077574483235	0.840360878154462	0.842677677167554
V_ypd_1	0.765531955753735	0.774930789942042	0.768550201885084	0.745622815884422	0.692833480807474	0.746829160417464	0.850798646744402	0.851318446793093	0.855251176019294	0.773776676009922	0.798324126861595	0.759129660776573	0.774740610517618	0.736185030305496	0.738050062380865	0.837134287447683	0.834021560769087	0.839930252412828	0.777149365654623	0.767382944244104	0.766859716907316	0.769451631879537	0.753451436724566	0.77107310377905	0.890738250499403	0.888662672968412	0.89130649362872	0.778357287293514	0.770839229692466	0.780265325205982	0.741826177885184	0.748118876043371	0.755404134769898	0.871097764718766	0.868333474661322	0.872406816128876	0.831945428567394	0.831279163204583	0.861355703076979	0.864133057149747	0.88174724270465	0.847077574483235	1	0.995065801140485	0.996893499196226
V_ypd_2	0.760767182051937	0.771110712933351	0.761794377402824	0.737991587500699	0.686458267589794	0.736876846540918	0.844928837012419	0.844809824781959	0.849036964515305	0.767599313176486	0.795766540375099	0.753516543534497	0.769459737293934	0.736343839414976	0.738714598827299	0.831498487536042	0.829322908431071	0.834465998979446	0.772207293185178	0.758001317049649	0.764444143809332	0.764247902285299	0.746676447121249	0.764160431198265	0.888779043772381	0.891784902227669	0.887977686446722	0.77015786176343	0.768467222791379	0.777776257369692	0.741414958605675	0.749310837262684	0.758087430949138	0.875280525372949	0.873524082975155	0.877065461857588	0.825867453674087	0.82658600974705	0.854344603878088	0.857368380989311	0.874848621560221	0.840360878154462	0.995065801140485	1	0.998488063507909
V_ypd_3	0.764389135934112	0.77451151688449	0.767320593698787	0.742488655971389	0.691391872844914	0.743310757336842	0.848820211247759	0.848996552355356	0.853011631907163	0.772968739849366	0.799250464212012	0.759451610813296	0.773920735208779	0.736680283204735	0.738354931195653	0.835197896091056	0.832288131917525	0.838397080809849	0.775392648387818	0.765077788799371	0.766817270612396	0.76748169232726	0.750921938386932	0.767621514244738	0.89074995666291	0.891817472003008	0.889919948609613	0.776243936220289	0.771579749193021	0.780056511725886	0.741715922310708	0.749460616011966	0.755780070485537	0.874262679447972	0.872001609382121	0.876097091689586	0.828043089815651	0.828448135292579	0.857135932329272	0.859447678885261	0.878337135863194	0.842677677167554	0.996893499196226	0.998488063507909	1
